0.7,1.8,6.0
0.97731092437,0.0796190293966
0.7,1.8,7.0
0.97731092437,0.0619272109458
0.7,1.8,8.0
0.97731092437,0.0493158863537
0.7,1.8,9.0
0.97731092437,0.0406577695574
0.7,1.8,10.0
0.97731092437,0.0314339723591
0.7,1.8,11.0
0.97731092437,0.0242812067612
0.7,1.8,12.0
0.976470588235,0.0190107945214
0.7,1.8,13.0
0.976470588235,0.0152459106427
0.7,1.8,14.0
0.974789915966,0.012423000675
0.7,1.8,15.0
0.973949579832,0.00997620705355
0.7,1.8,16.0
0.970588235294,0.00828182328732
0.7,1.8,17.0
0.968067226891,0.00658779384643
0.7,1.8,18.0
0.956302521008,0.00545838183161
0.7,1.8,19.0
0.942016806723,0.00451729373393
0.7,1.8,20.0
0.931932773109,0.00376470671606
0.7,1.8,21.0
0.916806722689,0.00357638279892
0.7,1.8,0.0
0.978991596639,0.305479641352
0.7,1.8,1.0
0.978991596639,0.21212395009
0.7,1.8,2.0
0.978991596639,0.18295075055
0.7,1.8,3.0
0.978991596639,0.152458574939
0.7,1.8,4.0
0.978151260504,0.125167020106
0.7,1.8,5.0
0.97731092437,0.10013411214
0.7,1.8,22.0
0.897478991597,0.00282361861838
0.7,1.8,23.0
0.86218487395,0.00244714794677
0.7,1.8,24.0
0.831092436975,0.00207085443784
0.7,1.8,25.0
0.795798319328,0.00131791309462
0.7,1.8,26.0
0.744537815126,0.00112958917749
0.7,1.8,27.0
0.678991596639,0.000941265260349
