0.7,1.8,0.0
0.961344537815,0.00376399806538
0.7,1.8,1.0
0.961344537815,0.00357585131092
0.7,1.8,2.0
0.961344537815,0.00357585131092
0.7,1.8,3.0
0.961344537815,0.00357585131092
0.7,1.8,4.0
0.961344537815,0.00357585131092
0.7,1.8,5.0
0.961344537815,0.00319955780198
0.7,1.8,6.0
0.961344537815,0.00319955780198
0.7,1.8,7.0
0.961344537815,0.00319955780198
0.7,1.8,8.0
0.961344537815,0.00319955780198
0.7,1.8,9.0
0.961344537815,0.00282308713037
0.7,1.8,10.0
0.961344537815,0.0026349403759
0.7,1.8,11.0
0.961344537815,0.0026349403759
0.7,1.8,12.0
0.961344537815,0.00225864686697
0.7,1.8,13.0
0.961344537815,0.00207032294983
0.7,1.8,14.0
0.961344537815,0.00207032294983
0.7,1.8,15.0
0.960504201681,0.00207032294983
0.7,1.8,16.0
0.957142857143,0.00207032294983
0.7,1.8,17.0
0.954621848739,0.00150570552375
0.7,1.8,18.0
0.942857142857,0.00150570552375
0.7,1.8,19.0
0.929411764706,0.00131755876929
0.7,1.8,20.0
0.920168067227,0.00131755876929
0.7,1.8,21.0
0.90756302521,0.00131755876929
0.7,1.8,22.0
0.888235294118,0.000752941343212
0.7,1.8,23.0
0.852941176471,0.000376470671606
0.7,1.8,24.0
0.82268907563,0.000376470671606
0.7,1.8,25.0
0.787394957983,0.000376470671606
0.7,1.8,26.0
0.736974789916,0.000376470671606
0.7,1.8,27.0
0.672268907563,0.000376470671606
