0.7,1.8,0.0
0.971428571429,0.00527005791448
0.7,1.8,1.0
0.971428571429,0.0047054404884
0.7,1.8,2.0
0.971428571429,0.0047054404884
0.7,1.8,3.0
0.971428571429,0.0043289698168
0.7,1.8,4.0
0.971428571429,0.0043289698168
0.7,1.8,5.0
0.971428571429,0.00395267630786
0.7,1.8,6.0
0.971428571429,0.00395267630786
0.7,1.8,7.0
0.971428571429,0.00395267630786
0.7,1.8,8.0
0.971428571429,0.00395267630786
0.7,1.8,9.0
0.971428571429,0.00357620563625
0.7,1.8,10.0
0.971428571429,0.00338805888178
0.7,1.8,11.0
0.971428571429,0.00338805888178
0.7,1.8,12.0
0.971428571429,0.00301176537285
0.7,1.8,13.0
0.971428571429,0.00282344145571
0.7,1.8,14.0
0.96974789916,0.00282344145571
0.7,1.8,15.0
0.968907563025,0.00263529470124
0.7,1.8,16.0
0.965546218487,0.0024469707841
0.7,1.8,17.0
0.963025210084,0.00188235335803
0.7,1.8,18.0
0.951260504202,0.00169402944089
0.7,1.8,19.0
0.936974789916,0.00150588268642
0.7,1.8,20.0
0.926890756303,0.00150588268642
0.7,1.8,21.0
0.911764705882,0.00150588268642
0.7,1.8,22.0
0.89243697479,0.000752941343212
0.7,1.8,23.0
0.857142857143,0.000376470671606
0.7,1.8,24.0
0.826050420168,0.000376470671606
0.7,1.8,25.0
0.790756302521,0.000376470671606
0.7,1.8,26.0
0.739495798319,0.000376470671606
0.7,1.8,27.0
0.673949579832,0.000376470671606
0.7,1.8,0.0
0.971428571429,0.00583485250322
0.7,1.8,1.0
0.971428571429,0.00527023507715
0.7,1.8,2.0
0.971428571429,0.00527023507715
0.7,1.8,3.0
0.971428571429,0.00489376440554
0.7,1.8,4.0
0.971428571429,0.00489376440554
0.7,1.8,5.0
0.971428571429,0.0045174708966
0.7,1.8,6.0
0.971428571429,0.0045174708966
0.7,1.8,7.0
0.971428571429,0.00432932414213
0.7,1.8,8.0
0.971428571429,0.00432932414213
0.7,1.8,9.0
0.971428571429,0.00376452955339
0.7,1.8,10.0
0.971428571429,0.00357638279892
0.7,1.8,11.0
0.971428571429,0.00357638279892
0.7,1.8,12.0
0.971428571429,0.00320008928999
0.7,1.8,13.0
0.971428571429,0.00301176537285
0.7,1.8,14.0
0.96974789916,0.00301176537285
0.7,1.8,15.0
0.968907563025,0.00282361861838
0.7,1.8,16.0
0.965546218487,0.00263529470124
0.7,1.8,17.0
0.963025210084,0.00207067727517
0.7,1.8,18.0
0.951260504202,0.00188235335803
0.7,1.8,19.0
0.936974789916,0.00169420660356
0.7,1.8,20.0
0.926890756303,0.00169420660356
0.7,1.8,21.0
0.911764705882,0.00169420660356
0.7,1.8,22.0
0.89243697479,0.000941265260349
0.7,1.8,23.0
0.857142857143,0.000564794588743
0.7,1.8,24.0
0.826050420168,0.000564794588743
0.7,1.8,25.0
0.790756302521,0.000376470671606
0.7,1.8,26.0
0.739495798319,0.000376470671606
0.7,1.8,27.0
0.673949579832,0.000376470671606
0.7,1.8,0.0
0.968067226891,0.0047054404884
0.7,1.8,1.0
0.968067226891,0.00451729373393
0.7,1.8,2.0
0.968067226891,0.00451729373393
0.7,1.8,3.0
0.968067226891,0.0043289698168
0.7,1.8,4.0
0.968067226891,0.0043289698168
0.7,1.8,5.0
0.968067226891,0.00395267630786
0.7,1.8,6.0
0.968067226891,0.00395267630786
0.7,1.8,7.0
0.968067226891,0.00395267630786
0.7,1.8,8.0
0.968067226891,0.00395267630786
0.7,1.8,9.0
0.968067226891,0.00357620563625
0.7,1.8,10.0
0.968067226891,0.00338805888178
0.7,1.8,11.0
0.968067226891,0.00338805888178
0.7,1.8,12.0
0.968067226891,0.00301176537285
0.7,1.8,13.0
0.968067226891,0.00282344145571
0.7,1.8,14.0
0.967226890756,0.00282344145571
0.7,1.8,15.0
0.966386554622,0.00263529470124
0.7,1.8,16.0
0.963025210084,0.0024469707841
0.7,1.8,17.0
0.960504201681,0.00188235335803
0.7,1.8,18.0
0.948739495798,0.00169402944089
0.7,1.8,19.0
0.934453781513,0.00150588268642
0.7,1.8,20.0
0.924369747899,0.00150588268642
0.7,1.8,21.0
0.910084033613,0.00150588268642
0.7,1.8,22.0
0.890756302521,0.000752941343212
0.7,1.8,23.0
0.855462184874,0.000376470671606
0.7,1.8,24.0
0.825210084034,0.000376470671606
0.7,1.8,25.0
0.789915966387,0.000376470671606
0.7,1.8,26.0
0.738655462185,0.000376470671606
0.7,1.8,27.0
0.673109243697,0.000376470671606
0.7,1.8,0.0
0.966386554622,0.00414046873699
0.7,1.8,1.0
0.966386554622,0.00395232198252
0.7,1.8,2.0
0.966386554622,0.00395232198252
0.7,1.8,3.0
0.966386554622,0.00395232198252
0.7,1.8,4.0
0.966386554622,0.00395232198252
0.7,1.8,5.0
0.966386554622,0.00357602847358
0.7,1.8,6.0
0.966386554622,0.00357602847358
0.7,1.8,7.0
0.966386554622,0.00357602847358
0.7,1.8,8.0
0.966386554622,0.00357602847358
0.7,1.8,9.0
0.966386554622,0.00319955780198
0.7,1.8,10.0
0.966386554622,0.00301141104751
0.7,1.8,11.0
0.966386554622,0.00301141104751
0.7,1.8,12.0
0.966386554622,0.00263511753857
0.7,1.8,13.0
0.966386554622,0.00244679362144
0.7,1.8,14.0
0.965546218487,0.00244679362144
0.7,1.8,15.0
0.964705882353,0.00225864686697
0.7,1.8,16.0
0.961344537815,0.00225864686697
0.7,1.8,17.0
0.958823529412,0.00169402944089
0.7,1.8,18.0
0.947058823529,0.00169402944089
0.7,1.8,19.0
0.932773109244,0.00150588268642
0.7,1.8,20.0
0.923529411765,0.00150588268642
0.7,1.8,21.0
0.909243697479,0.00150588268642
0.7,1.8,22.0
0.889915966387,0.000752941343212
0.7,1.8,23.0
0.854621848739,0.000376470671606
0.7,1.8,24.0
0.824369747899,0.000376470671606
0.7,1.8,25.0
0.789075630252,0.000376470671606
0.7,1.8,26.0
0.73781512605,0.000376470671606
0.7,1.8,27.0
0.672268907563,0.000376470671606
0.7,1.8,0.0
0.961344537815,0.00376399806538
0.7,1.8,1.0
0.961344537815,0.00357585131092
0.7,1.8,2.0
0.961344537815,0.00357585131092
0.7,1.8,3.0
0.961344537815,0.00357585131092
0.7,1.8,4.0
0.961344537815,0.00357585131092
0.7,1.8,5.0
0.961344537815,0.00319955780198
0.7,1.8,6.0
0.961344537815,0.00319955780198
0.7,1.8,7.0
0.961344537815,0.00319955780198
0.7,1.8,8.0
0.961344537815,0.00319955780198
0.7,1.8,9.0
0.961344537815,0.00282308713037
0.7,1.8,10.0
0.961344537815,0.0026349403759
0.7,1.8,11.0
0.961344537815,0.0026349403759
0.7,1.8,12.0
0.961344537815,0.00225864686697
0.7,1.8,13.0
0.961344537815,0.00207032294983
0.7,1.8,14.0
0.961344537815,0.00207032294983
0.7,1.8,15.0
0.960504201681,0.00207032294983
0.7,1.8,16.0
0.957142857143,0.00207032294983
0.7,1.8,17.0
0.954621848739,0.00150570552375
0.7,1.8,18.0
0.942857142857,0.00150570552375
0.7,1.8,19.0
0.929411764706,0.00131755876929
0.7,1.8,20.0
0.920168067227,0.00131755876929
0.7,1.8,21.0
0.90756302521,0.00131755876929
0.7,1.8,22.0
0.888235294118,0.000752941343212
0.7,1.8,23.0
0.852941176471,0.000376470671606
0.7,1.8,24.0
0.82268907563,0.000376470671606
0.7,1.8,25.0
0.787394957983,0.000376470671606
0.7,1.8,26.0
0.736974789916,0.000376470671606
0.7,1.8,27.0
0.672268907563,0.000376470671606
0.7,1.8,0.0
0.957983193277,0.00338770455645
0.7,1.8,1.0
0.957983193277,0.00319955780198
0.7,1.8,2.0
0.957983193277,0.00319955780198
0.7,1.8,3.0
0.957983193277,0.00319955780198
0.7,1.8,4.0
0.957983193277,0.00319955780198
0.7,1.8,5.0
0.957983193277,0.00282326429304
0.7,1.8,6.0
0.957983193277,0.00282326429304
0.7,1.8,7.0
0.957983193277,0.00282326429304
0.7,1.8,8.0
0.957983193277,0.00282326429304
0.7,1.8,9.0
0.957983193277,0.00244679362144
0.7,1.8,10.0
0.957983193277,0.00225864686697
0.7,1.8,11.0
0.957983193277,0.00225864686697
0.7,1.8,12.0
0.957983193277,0.00188235335803
0.7,1.8,13.0
0.957983193277,0.00169402944089
0.7,1.8,14.0
0.957983193277,0.00169402944089
0.7,1.8,15.0
0.957142857143,0.00169402944089
0.7,1.8,16.0
0.953781512605,0.00169402944089
0.7,1.8,17.0
0.952100840336,0.00131755876929
0.7,1.8,18.0
0.941176470588,0.00131755876929
0.7,1.8,19.0
0.927731092437,0.00112941201482
0.7,1.8,20.0
0.919327731092,0.00112941201482
0.7,1.8,21.0
0.906722689076,0.00112941201482
0.7,1.8,22.0
0.887394957983,0.000564794588743
0.7,1.8,23.0
0.852100840336,0.000376470671606
0.7,1.8,24.0
0.821848739496,0.000376470671606
0.7,1.8,25.0
0.786554621849,0.000376470671606
0.7,1.8,26.0
0.736134453782,0.000376470671606
0.7,1.8,27.0
0.671428571429,0.000376470671606
