0.7,1.8,0.0
0.968067226891,0.0047054404884
0.7,1.8,1.0
0.968067226891,0.00451729373393
0.7,1.8,2.0
0.968067226891,0.00451729373393
0.7,1.8,3.0
0.968067226891,0.0043289698168
0.7,1.8,4.0
0.968067226891,0.0043289698168
0.7,1.8,5.0
0.968067226891,0.00395267630786
0.7,1.8,6.0
0.968067226891,0.00395267630786
0.7,1.8,7.0
0.968067226891,0.00395267630786
0.7,1.8,8.0
0.968067226891,0.00395267630786
0.7,1.8,9.0
0.968067226891,0.00357620563625
0.7,1.8,10.0
0.968067226891,0.00338805888178
0.7,1.8,11.0
0.968067226891,0.00338805888178
0.7,1.8,12.0
0.968067226891,0.00301176537285
0.7,1.8,13.0
0.968067226891,0.00282344145571
0.7,1.8,14.0
0.967226890756,0.00282344145571
0.7,1.8,15.0
0.966386554622,0.00263529470124
0.7,1.8,16.0
0.963025210084,0.0024469707841
0.7,1.8,17.0
0.960504201681,0.00188235335803
0.7,1.8,18.0
0.948739495798,0.00169402944089
0.7,1.8,19.0
0.934453781513,0.00150588268642
0.7,1.8,20.0
0.924369747899,0.00150588268642
0.7,1.8,21.0
0.910084033613,0.00150588268642
0.7,1.8,22.0
0.890756302521,0.000752941343212
0.7,1.8,23.0
0.855462184874,0.000376470671606
0.7,1.8,24.0
0.825210084034,0.000376470671606
0.7,1.8,25.0
0.789915966387,0.000376470671606
0.7,1.8,26.0
0.738655462185,0.000376470671606
0.7,1.8,27.0
0.673109243697,0.000376470671606
