0.7,2.1,14.0
0.976470588235,0.0124221148616
0.7,2.1,15.0
0.976470588235,0.011481026764
0.7,2.1,16.0
0.976470588235,0.00997496691487
0.7,2.1,17.0
0.973109243697,0.00922202557166
0.7,2.1,18.0
0.971428571429,0.00828076031131
0.7,2.1,19.0
0.966386554622,0.00752799613077
0.7,2.1,20.0
0.963025210084,0.00696355586736
0.7,2.1,21.0
0.958823529412,0.00621096884949
0.7,2.1,10.0
0.976470588235,0.0186336151991
0.7,2.1,11.0
0.976470588235,0.0167516161664
0.7,2.1,12.0
0.976470588235,0.0154335259092
0.7,2.1,13.0
0.976470588235,0.0139278203854
0.7,2.1,6.0
0.97731092437,0.0351985019125
0.7,2.1,7.0
0.97731092437,0.0276694428057
0.7,2.1,8.0
0.976470588235,0.023528265418
0.7,2.1,9.0
0.976470588235,0.0210809403086
