0.7,1.8,0.0
0.957983193277,0.00338770455645
0.7,1.8,1.0
0.957983193277,0.00319955780198
0.7,1.8,2.0
0.957983193277,0.00319955780198
0.7,1.8,3.0
0.957983193277,0.00319955780198
0.7,1.8,4.0
0.957983193277,0.00319955780198
0.7,1.8,5.0
0.957983193277,0.00282326429304
0.7,1.8,6.0
0.957983193277,0.00282326429304
0.7,1.8,7.0
0.957983193277,0.00282326429304
0.7,1.8,8.0
0.957983193277,0.00282326429304
0.7,1.8,9.0
0.957983193277,0.00244679362144
0.7,1.8,10.0
0.957983193277,0.00225864686697
0.7,1.8,11.0
0.957983193277,0.00225864686697
0.7,1.8,12.0
0.957983193277,0.00188235335803
0.7,1.8,13.0
0.957983193277,0.00169402944089
0.7,1.8,14.0
0.957983193277,0.00169402944089
0.7,1.8,15.0
0.957142857143,0.00169402944089
0.7,1.8,16.0
0.953781512605,0.00169402944089
0.7,1.8,17.0
0.952100840336,0.00131755876929
0.7,1.8,18.0
0.941176470588,0.00131755876929
0.7,1.8,19.0
0.927731092437,0.00112941201482
0.7,1.8,20.0
0.919327731092,0.00112941201482
0.7,1.8,21.0
0.906722689076,0.00112941201482
0.7,1.8,22.0
0.887394957983,0.000564794588743
0.7,1.8,23.0
0.852100840336,0.000376470671606
0.7,1.8,24.0
0.821848739496,0.000376470671606
0.7,1.8,25.0
0.786554621849,0.000376470671606
0.7,1.8,26.0
0.736134453782,0.000376470671606
0.7,1.8,27.0
0.671428571429,0.000376470671606
