0.7,1.8,0.0
0.971428571429,0.00527005791448
0.7,1.8,1.0
0.971428571429,0.0047054404884
0.7,1.8,2.0
0.971428571429,0.0047054404884
0.7,1.8,3.0
0.971428571429,0.0043289698168
0.7,1.8,4.0
0.971428571429,0.0043289698168
0.7,1.8,5.0
0.971428571429,0.00395267630786
0.7,1.8,6.0
0.971428571429,0.00395267630786
0.7,1.8,7.0
0.971428571429,0.00395267630786
0.7,1.8,8.0
0.971428571429,0.00395267630786
0.7,1.8,9.0
0.971428571429,0.00357620563625
0.7,1.8,10.0
0.971428571429,0.00338805888178
0.7,1.8,11.0
0.971428571429,0.00338805888178
0.7,1.8,12.0
0.971428571429,0.00301176537285
0.7,1.8,13.0
0.971428571429,0.00282344145571
0.7,1.8,14.0
0.96974789916,0.00282344145571
0.7,1.8,15.0
0.968907563025,0.00263529470124
0.7,1.8,16.0
0.965546218487,0.0024469707841
0.7,1.8,17.0
0.963025210084,0.00188235335803
0.7,1.8,18.0
0.951260504202,0.00169402944089
0.7,1.8,19.0
0.936974789916,0.00150588268642
0.7,1.8,20.0
0.926890756303,0.00150588268642
0.7,1.8,21.0
0.911764705882,0.00150588268642
0.7,1.8,22.0
0.89243697479,0.000752941343212
0.7,1.8,23.0
0.857142857143,0.000376470671606
0.7,1.8,24.0
0.826050420168,0.000376470671606
0.7,1.8,25.0
0.790756302521,0.000376470671606
0.7,1.8,26.0
0.739495798319,0.000376470671606
0.7,1.8,27.0
0.673949579832,0.000376470671606
