0.7,1.8,0.0
0.971428571429,0.00583485250322
0.7,1.8,1.0
0.971428571429,0.00527023507715
0.7,1.8,2.0
0.971428571429,0.00527023507715
0.7,1.8,3.0
0.971428571429,0.00489376440554
0.7,1.8,4.0
0.971428571429,0.00489376440554
0.7,1.8,5.0
0.971428571429,0.0045174708966
0.7,1.8,6.0
0.971428571429,0.0045174708966
0.7,1.8,7.0
0.971428571429,0.00432932414213
0.7,1.8,8.0
0.971428571429,0.00432932414213
0.7,1.8,9.0
0.971428571429,0.00376452955339
0.7,1.8,10.0
0.971428571429,0.00357638279892
0.7,1.8,11.0
0.971428571429,0.00357638279892
0.7,1.8,12.0
0.971428571429,0.00320008928999
0.7,1.8,13.0
0.971428571429,0.00301176537285
0.7,1.8,14.0
0.96974789916,0.00301176537285
0.7,1.8,15.0
0.968907563025,0.00282361861838
0.7,1.8,16.0
0.965546218487,0.00263529470124
0.7,1.8,17.0
0.963025210084,0.00207067727517
0.7,1.8,18.0
0.951260504202,0.00188235335803
0.7,1.8,19.0
0.936974789916,0.00169420660356
0.7,1.8,20.0
0.926890756303,0.00169420660356
0.7,1.8,21.0
0.911764705882,0.00169420660356
0.7,1.8,22.0
0.89243697479,0.000941265260349
0.7,1.8,23.0
0.857142857143,0.000564794588743
0.7,1.8,24.0
0.826050420168,0.000564794588743
0.7,1.8,25.0
0.790756302521,0.000376470671606
0.7,1.8,26.0
0.739495798319,0.000376470671606
0.7,1.8,27.0
0.673949579832,0.000376470671606
