0.7,1.8,0.0
0.966386554622,0.00414046873699
0.7,1.8,1.0
0.966386554622,0.00395232198252
0.7,1.8,2.0
0.966386554622,0.00395232198252
0.7,1.8,3.0
0.966386554622,0.00395232198252
0.7,1.8,4.0
0.966386554622,0.00395232198252
0.7,1.8,5.0
0.966386554622,0.00357602847358
0.7,1.8,6.0
0.966386554622,0.00357602847358
0.7,1.8,7.0
0.966386554622,0.00357602847358
0.7,1.8,8.0
0.966386554622,0.00357602847358
0.7,1.8,9.0
0.966386554622,0.00319955780198
0.7,1.8,10.0
0.966386554622,0.00301141104751
0.7,1.8,11.0
0.966386554622,0.00301141104751
0.7,1.8,12.0
0.966386554622,0.00263511753857
0.7,1.8,13.0
0.966386554622,0.00244679362144
0.7,1.8,14.0
0.965546218487,0.00244679362144
0.7,1.8,15.0
0.964705882353,0.00225864686697
0.7,1.8,16.0
0.961344537815,0.00225864686697
0.7,1.8,17.0
0.958823529412,0.00169402944089
0.7,1.8,18.0
0.947058823529,0.00169402944089
0.7,1.8,19.0
0.932773109244,0.00150588268642
0.7,1.8,20.0
0.923529411765,0.00150588268642
0.7,1.8,21.0
0.909243697479,0.00150588268642
0.7,1.8,22.0
0.889915966387,0.000752941343212
0.7,1.8,23.0
0.854621848739,0.000376470671606
0.7,1.8,24.0
0.824369747899,0.000376470671606
0.7,1.8,25.0
0.789075630252,0.000376470671606
0.7,1.8,26.0
0.73781512605,0.000376470671606
0.7,1.8,27.0
0.672268907563,0.000376470671606
